6 0.32540940306391974 0.48890649762282096 0.18594823032223978 0.22028526148969882
6 0.5007923930269413 0.48811410459587956 0.12678288431061802 0.22820919175911258
6 0.6275752773375595 0.4976228209191758 0.10987849973586904 0.1774960380348653
6 0.7723190702588484 0.48019017432646594 0.14157422081352367 0.20602218700475433
6 0.9054410987849973 0.48415213946117275 0.11199154780771266 0.2012678288431062
3 0.19968304278922347 0.8359746434231379 0.12044374009508717 0.28684627575277344
3 0.35287902799788695 0.8462757527733757 0.10987849973586894 0.29793977812995237
3 0.5060750132065505 0.8470681458003169 0.12889593238246172 0.29318541996830416
3 0.6698362387744321 0.8288431061806656 0.14368726888536712 0.28526148969889065
3 0.04543053354463814 0.8591125173916342 0.09086106708927628 0.27923929785775314
