4 0.21870047543581614 0.4817749603803486 0.12889593238246166 0.1648177496038035
4 0.35921817221341784 0.4928684627575277 0.08874801901743261 0.167987321711569
4 0.491283676703645 0.4849445324881141 0.11199154780771259 0.19968304278922347
4 0.07606973058637084 0.48573692551505543 0.12678288431061807 0.1980982567353407
6 0.6708927628103539 0.4896988906497623 0.11199154780771274 0.22187004754358164
6 0.8082408874801901 0.49049128367670364 0.14580031695721074 0.22028526148969893
6 0.9469096671949288 0.5 0.1061806656101426 0.1980982567353407
3 0.21130480718436345 0.8423137876386687 0.17326994189117806 0.3026941362916006
3 0.38457474907554146 0.8446909667194928 0.10565240359218173 0.3074484944532489
3 0.5419968304278924 0.8399366085578447 0.1035393555203381 0.28526148969889065
3 0.6877971473851029 0.8494453248811411 0.13312202852614896 0.3011093502377179
3 0.8663497094558901 0.8470681458003169 0.16904384574749073 0.29318541996830416
