3 0.17960908610670892 0.5007923930269413 0.14368726888536712 0.39936608557844694
3 0.3560486001056524 0.4881141045958796 0.1415742208135235 0.427892234548336
3 0.49445324881141045 0.4833597464342314 0.11410459587955621 0.421553090332805
3 0.659270998415214 0.5023771790808241 0.156365557316429 0.46592709984152136
3 0.8515583729529846 0.46513470681458 0.18594823032223984 0.4611727416798732
0 0.12889593238246172 0.8811410459587955 0.13946117274167988 0.23771790808240895
0 0.2694136291600634 0.8882725832012679 0.10353935552033806 0.22345483359746438
0 0.40464870575805606 0.8835182250396197 0.13312202852614896 0.2329635499207608
0 0.5610142630744849 0.8803486529318542 0.12466983623877446 0.21711568938193337
0 0.7311146328578976 0.89540412044374 0.12678288431061815 0.1933438985736926
2 0.8917062863180137 0.8684627575277338 0.15636555731642887 0.21236133122028533
