0 0.12678288431061804 0.9223454833597464 0.11410459587955625 0.13946117274167988
0 0.34865293185419965 0.9191759112519811 0.13100898045430537 0.12678288431061815
3 0.23560486001056524 0.5816164817749603 0.1415742208135235 0.4183835182250396
3 0.3898573692551506 0.5863708399366085 0.10353935552033804 0.45641838351822506
3 0.6032752245113576 0.5839936608557844 0.15002641310089807 0.42630744849445323
3 0.08980454305335447 0.5879556259904912 0.1584786053882726 0.4342313787638669
6 0.2208135235076598 0.12361331220285261 0.17538298996302168 0.22187004754358164
6 0.3803486529318542 0.14183835182250396 0.13946117274167988 0.2297939778129952
6 0.5462229265715794 0.11965134706814581 0.1415742208135235 0.23613312202852615
6 0.7057580559957739 0.12282091917591126 0.15636555731642887 0.22979397781299526
6 0.8610670892762811 0.1133122028526149 0.13312202852614888 0.2171156893819334
2 0.8600105652403593 0.9342313787638667 0.1944004226096142 0.13153724247226634
2 0.5050184891706286 0.9413629160063391 0.10142630744849448 0.11410459587955629
2 0.636027469624934 0.9524564183835181 0.12678288431061802 0.09508716323296355
