3 0.41310089804543054 0.5443740095087164 0.16270470153195987 0.44215530903328043
3 0.589540412044374 0.5332805071315372 0.11410459587955643 0.4358161648177496
3 0.7606973058637084 0.5301109350237718 0.11410459587955614 0.35974643423137875
3 0.2440570522979398 0.5475435816164818 0.17115689381933444 0.42630744849445323
3 0.10142630744849444 0.5641838351822505 0.1901743264659271 0.4659270998415213
4 0.17960908610670895 0.10063391442155309 0.1521394611727417 0.20126782884310618
4 0.05388272583201267 0.10380348652931853 0.10353935552033809 0.16957210776545167
4 0.2916006339144216 0.10855784469096673 0.054939249867934484 0.13153724247226628
6 0.39197041732699417 0.09904912836767035 0.1246698362387744 0.19175911251980982
6 0.5462229265715794 0.08795562599049128 0.11621764395139991 0.16323296354992078
6 0.7131537242472266 0.08637083993660856 0.1415742208135235 0.1600633914421553
6 0.8832540940306391 0.08874801901743266 0.14368726888536712 0.1458003169572108
